# First-order diffraction efficiency of the FURST grating, simulated by Zeiss
# (Grating design report, M. Burkhardt, May 2021, section 2.4, files Pr07_*).
# Quasi-sinusoidal etched profile at three profile depths, 2200 lines/mm,
# 14.25 degree angle of incidence, coated with 70 nm Al and 27 nm MgF2 on
# fused silica, TE and TM polarizations. The efficiency includes the
# reflectance of that coating.
# wavelength (nm), 39 nm TE (%), 39 nm TM (%), 42 nm TE (%), 42 nm TM (%), 46 nm TE (%), 46 nm TM (%)
121.0 31.193 30.695 30.404 29.299 28.039 26.084
121.5 31.221 30.747 30.484 29.404 28.192 26.262
122.0 31.245 30.795 30.561 29.507 28.341 26.436
122.5 31.266 30.842 30.634 29.606 28.487 26.606
123.0 31.285 30.885 30.704 29.702 28.628 26.772
123.5 31.301 30.926 30.771 29.795 28.767 26.934
124.0 31.315 30.965 30.835 29.885 28.901 27.093
124.5 31.321 30.997 30.891 29.969 29.027 27.244
125.0 31.325 31.026 30.944 30.049 29.150 27.392
125.5 31.327 31.053 30.994 30.126 29.269 27.535
126.0 31.327 31.077 31.041 30.200 29.385 27.677
126.5 31.324 31.100 31.086 30.272 29.497 27.815
127.0 31.319 31.120 31.128 30.341 29.607 27.949
127.5 31.312 31.139 31.167 30.407 29.713 28.081
128.0 31.303 31.155 31.203 30.470 29.815 28.209
128.5 31.292 31.169 31.237 30.531 29.915 28.334
129.0 31.279 31.181 31.268 30.590 30.011 28.457
129.5 31.264 31.191 31.296 30.646 30.104 28.576
130.0 31.246 31.198 31.319 30.696 30.185 28.687
130.5 31.227 31.204 31.342 30.747 30.272 28.800
131.0 31.206 31.208 31.363 30.796 30.355 28.910
131.5 31.184 31.210 31.382 30.841 30.435 29.017
132.0 31.159 31.211 31.398 30.885 30.512 29.122
132.5 31.134 31.209 31.412 30.926 30.587 29.223
133.0 31.106 31.206 31.424 30.965 30.658 29.322
133.5 31.076 31.201 31.433 31.001 30.722 29.416
134.0 31.045 31.194 31.440 31.035 30.787 29.509
134.5 31.013 31.186 31.445 31.067 30.849 29.599
135.0 30.979 31.176 31.447 31.097 30.906 29.686
135.5 30.944 31.165 31.448 31.125 30.961 29.770
136.0 30.907 31.152 31.446 31.151 31.011 29.852
136.5 30.879 31.141 31.469 31.184 31.113 29.951
137.0 30.840 31.125 31.465 31.206 31.163 30.028
137.5 30.799 31.107 31.459 31.225 31.211 30.103
138.0 30.756 31.086 31.449 31.241 31.254 30.173
138.5 30.709 31.063 31.435 31.254 31.293 30.240
139.0 30.661 31.038 31.420 31.264 31.330 30.304
139.5 30.612 31.012 31.403 31.273 31.364 30.366
140.0 30.562 30.984 31.384 31.279 31.395 30.424
140.5 30.510 30.955 31.363 31.284 31.424 30.480
141.0 30.457 30.924 31.340 31.286 31.449 30.532
141.5 30.401 30.891 31.313 31.284 31.466 30.577
142.0 30.341 30.850 31.281 31.274 31.482 30.617
142.5 30.284 30.815 31.254 31.273 31.505 30.668
143.0 30.227 30.780 31.227 31.270 31.526 30.716
143.5 30.170 30.744 31.198 31.266 31.545 30.763
144.0 30.111 30.708 31.168 31.261 31.563 30.808
144.5 30.053 30.670 31.137 31.255 31.578 30.851
145.0 29.993 30.632 31.104 31.248 31.591 30.892
145.5 29.932 30.593 31.071 31.239 31.602 30.931
146.0 29.871 30.554 31.036 31.229 31.612 30.968
146.5 29.809 30.513 31.000 31.218 31.619 31.004
147.0 29.746 30.472 30.962 31.205 31.625 31.037
147.5 29.682 30.430 30.924 31.191 31.629 31.069
148.0 29.618 30.387 30.884 31.176 31.631 31.099
148.5 29.553 30.343 30.844 31.160 31.632 31.127
149.0 29.488 30.299 30.802 31.144 31.631 31.154
149.5 29.422 30.254 30.759 31.125 31.628 31.179
150.0 29.355 30.208 30.715 31.106 31.623 31.203
150.5 29.288 30.162 30.670 31.086 31.618 31.225
151.0 29.220 30.115 30.625 31.064 31.610 31.245
151.5 29.152 30.068 30.578 31.042 31.601 31.263
152.0 29.083 30.020 30.530 31.019 31.591 31.280
152.5 29.014 29.971 30.482 30.995 31.579 31.296
153.0 28.944 29.922 30.433 30.970 31.566 31.311
153.5 28.874 29.873 30.383 30.944 31.552 31.324
154.0 28.803 29.823 30.332 30.917 31.536 31.336
154.5 28.732 29.772 30.280 30.890 31.519 31.347
155.0 28.660 29.721 30.228 30.861 31.501 31.356
155.5 28.586 29.668 30.172 30.830 31.479 31.362
156.0 28.511 29.614 30.116 30.797 31.456 31.366
156.5 28.437 29.559 30.059 30.764 31.431 31.369
157.0 28.361 29.505 30.002 30.731 31.406 31.371
157.5 28.286 29.449 29.943 30.696 31.380 31.372
158.0 28.210 29.394 29.885 30.661 31.353 31.372
158.5 28.135 29.338 29.826 30.625 31.325 31.371
159.0 28.059 29.282 29.766 30.589 31.296 31.368
159.5 27.982 29.226 29.706 30.551 31.266 31.364
160.0 27.906 29.169 29.646 30.514 31.235 31.359
160.5 27.830 29.112 29.585 30.475 31.204 31.354
161.0 27.753 29.055 29.524 30.436 31.172 31.347
161.5 27.677 28.997 29.462 30.397 31.139 31.339
162.0 27.600 28.939 29.401 30.357 31.106 31.330
162.5 27.523 28.881 29.339 30.316 31.073 31.320
163.0 27.447 28.823 29.277 30.275 31.039 31.309
163.5 27.371 28.765 29.215 30.233 31.005 31.297
164.0 27.294 28.706 29.153 30.190 30.970 31.285
164.5 27.218 28.647 29.091 30.148 30.936 31.271
165.0 27.143 28.588 29.030 30.104 30.902 31.256
165.5 27.067 28.528 28.969 30.060 30.868 31.240
166.0 26.993 28.469 28.908 30.016 30.836 31.224
166.5 26.918 28.409 28.848 29.971 30.804 31.206
167.0 26.845 28.350 28.789 29.926 30.773 31.188
167.5 26.773 28.290 28.732 29.880 30.745 31.169
168.0 26.703 28.230 28.677 29.834 30.719 31.148
168.5 26.635 28.170 28.625 29.788 30.698 31.127
169.0 26.570 28.110 28.577 29.741 30.683 31.105
169.5 26.510 28.050 28.536 29.694 30.678 31.081
170.0 26.458 27.990 28.506 29.646 30.689 31.056
170.5 26.407 27.919 28.476 29.585 30.697 31.017
171.0 26.374 27.848 28.467 29.523 30.730 30.973
171.5 26.235 27.748 28.287 29.418 30.474 30.861
172.0 26.068 27.651 28.094 29.324 30.240 30.775
172.5 25.939 27.565 27.957 29.245 30.093 30.710
173.0 25.824 27.485 27.840 29.175 29.975 30.656
173.5 25.717 27.411 27.732 29.111 29.872 30.608
174.0 25.613 27.325 27.630 29.027 29.778 30.557
174.5 25.513 27.257 27.533 28.970 29.690 30.519
175.0 25.415 27.191 27.439 28.916 29.606 30.485
175.5 25.319 27.127 27.347 28.864 29.526 30.453
176.0 25.225 27.062 27.257 28.808 29.449 30.420
176.5 25.132 27.000 27.169 28.755 29.373 30.390
177.0 25.040 26.936 27.082 28.701 29.299 30.358
177.5 24.948 26.869 26.994 28.642 29.224 30.322
178.0 24.827 26.799 26.860 28.577 29.075 30.276
178.5 24.741 26.725 26.785 28.508 29.029 30.233
179.0 24.655 26.652 26.704 28.439 28.968 30.188
179.5 24.567 26.576 26.621 28.366 28.899 30.138
180.0 24.479 26.497 26.539 28.291 28.830 30.085
180.5 24.396 26.423 26.463 28.224 28.772 30.037
181.0 24.308 26.341 26.380 28.144 28.702 29.977
181.5 24.222 26.257 26.299 28.064 28.632 29.914
182.0 24.136 26.172 26.217 27.983 28.563 29.848
182.5 24.052 26.090 26.138 27.906 28.496 29.782
183.0 23.967 26.007 26.057 27.831 28.427 29.713
183.5 23.882 25.922 25.978 27.762 28.359 29.643
184.0 23.799 25.846 25.898 27.698 28.291 29.578
184.5 23.715 25.774 25.819 27.640 28.224 29.519
185.0 23.633 25.706 25.741 27.586 28.157 29.466
