# First-order diffraction efficiency of FURST grating ID07, simulated by Zeiss
# (FURST FUV Grating final report, C. Stock, 14 July 2023, page 73,
# "ID07: center position - coated profiles"). Rigorous calculation of the
# sinusoidal profile measured by AFM at the center of the grating after coating,
# 43.7 nm peak to valley, 2200 lines/mm, coated with aluminum and a
# protective layer of magnesium fluoride. The efficiency includes the reflectance
# of that coating and is the mean of the TE and TM polarizations.
# Digitized from the plotted curves (381x286 pixel images in the report; one pixel
# is about 0.26 nm by 0.07 percentage points) and resampled onto a 0.5 nm grid.
# wavelength (nm), 10.50 deg (%), 14.25 deg (%), 18.00 deg (%)
120.5 28.25 28.28 28.66
121.0 28.45 28.41 28.78
121.5 28.65 28.65 29.09
122.0 28.85 28.82 29.20
122.5 28.98 28.87 29.30
123.0 29.25 29.14 29.34
123.5 29.45 29.34 29.52
124.0 29.54 29.46 29.91
124.5 29.69 29.52 30.01
125.0 29.73 29.79 30.20
125.5 29.81 29.86 30.32
126.0 29.91 29.86 30.41
126.5 29.98 30.14 30.64
127.0 30.10 30.19 30.70
127.5 30.01 30.21 30.83
128.0 30.31 30.50 30.97
128.5 30.51 30.63 31.04
129.0 30.60 30.70 31.21
129.5 30.79 30.85 31.41
130.0 30.84 30.99 31.57
130.5 30.89 31.14 31.73
131.0 30.95 31.24 31.89
131.5 31.09 31.34 31.95
132.0 31.10 31.58 31.77
132.5 31.20 31.62 31.82
133.0 31.31 31.73 31.87
133.5 31.38 31.83 31.86
134.0 31.44 31.94 31.66
134.5 31.50 32.01 31.61
135.0 31.50 32.11 31.65
135.5 31.55 32.09 31.68
136.0 31.63 32.40 31.58
136.5 31.65 32.45 31.65
137.0 31.66 32.44 31.77
137.5 31.78 32.31 31.82
138.0 31.86 32.17 31.87
138.5 31.90 32.00 31.91
139.0 31.98 31.87 31.94
139.5 32.12 31.79 31.94
140.0 32.26 31.85 31.98
140.5 32.40 31.87 32.02
141.0 32.51 31.85 32.06
141.5 32.54 31.86 32.06
142.0 32.66 31.85 32.07
142.5 32.61 31.88 32.08
143.0 32.51 31.88 32.11
143.5 32.39 31.88 32.12
144.0 32.38 31.92 32.13
144.5 32.54 31.98 32.13
145.0 32.40 31.99 32.13
145.5 32.47 31.99 32.16
146.0 32.43 32.02 32.16
146.5 32.32 32.06 32.13
147.0 32.11 32.08 32.13
147.5 31.94 32.08 32.13
148.0 31.94 32.10 32.11
148.5 31.82 32.17 32.05
149.0 31.80 32.23 32.05
149.5 31.79 32.30 32.05
150.0 31.78 32.37 32.05
150.5 31.77 32.35 32.03
151.0 31.77 32.38 32.01
151.5 31.75 32.28 32.06
152.0 31.76 32.08 32.05
152.5 31.76 31.87 32.03
153.0 31.74 31.83 32.00
153.5 31.74 31.75 32.01
154.0 31.70 31.68 32.04
154.5 31.69 31.71 32.08
155.0 31.68 31.67 32.12
155.5 31.65 31.68 32.17
156.0 31.63 31.66 32.20
156.5 31.65 31.62 32.11
157.0 31.64 31.60 31.97
157.5 31.62 31.61 31.81
158.0 31.61 31.61 31.76
158.5 31.59 31.59 31.72
159.0 31.58 31.57 31.70
159.5 31.55 31.54 31.79
160.0 31.56 31.51 31.83
160.5 31.50 31.50 31.98
161.0 31.45 31.48 32.21
161.5 31.44 31.46 32.32
162.0 31.42 31.45 32.31
162.5 31.39 31.40 32.42
163.0 31.35 31.35 32.33
163.5 31.28 31.30 31.51
164.0 31.24 31.27 31.23
164.5 31.21 31.24 30.78
165.0 31.17 31.20 29.91
165.5 31.13 31.19 29.29
166.0 31.17 31.22 29.23
166.5 31.12 31.19 29.37
167.0 31.06 31.14 29.54
167.5 30.99 31.06 29.76
168.0 30.97 30.96 29.86
168.5 30.92 30.95 30.04
169.0 30.85 31.06 30.15
169.5 30.84 31.02 30.18
170.0 30.78 30.87 30.23
170.5 30.74 30.76 30.26
171.0 30.71 30.77 30.29
171.5 30.65 30.75 30.30
172.0 30.58 30.69 30.31
172.5 30.54 30.64 30.30
173.0 30.48 30.56 30.28
173.5 30.45 30.50 30.27
174.0 30.36 30.52 30.24
174.5 30.29 30.50 30.21
175.0 30.25 30.38 30.18
175.5 30.21 29.79 30.14
176.0 30.12 29.18 30.12
176.5 30.07 28.83 30.16
177.0 30.06 29.01 30.07
177.5 29.97 29.09 30.01
178.0 30.02 29.21 29.96
178.5 29.84 29.30 29.91
179.0 29.81 29.31 29.86
179.5 29.76 29.36 29.81
180.0 29.61 29.39 29.75
180.5 29.65 29.46 29.71
181.0 29.48 29.34 29.65
181.5 29.39 29.35 29.59
182.0 29.24 29.38 29.53
182.5 29.07 29.27 29.47
183.0 28.89 29.23 29.43
183.5 28.72 29.22 29.38
184.0 28.57 29.15 29.38
184.5 28.51 29.19 29.30
185.0 28.59 29.15 29.32
185.5 28.61 29.15 29.26
186.0 28.60 29.02 29.18
186.5 28.59 28.87 29.20
187.0 28.55 28.82 28.95
187.5 28.51 28.74 28.90
188.0 28.45 28.68 28.83
188.5 28.42 28.70 28.76
189.0 28.46 28.60 28.78
189.5 28.42 28.53 28.77
